问题三场景数稳定性实验

1月15--31日因果校准选择：18 个场景

场景数  结算购电费/元  紧急购电量/kWh  总费用/元  运行时间/s  调整次数  相对6场景/元
     3   14,692,022.61       387,874.06  16,207,960.04       15.26       913    525,299.77
     6   13,955,307.57       448,753.41  15,682,660.27       28.12       898          0.00
     9   14,165,848.76       397,236.48  15,709,234.07       41.16       863     26,573.80
    12   13,955,137.73       426,921.26  15,598,723.75       54.48       833    -83,936.52
    18   13,978,392.10       414,309.04  15,579,293.38       79.09       774   -103,366.89
    24   13,974,577.12       415,189.56  15,572,558.26       96.41       744   -110,102.01

加入 18:00 节点的实际费用变化：-868.39 元
七日移动块 Bootstrap 95% 区间：[-2173.1157476057824, 248.4283002361206]
